1187.85, 1187.85
-898.57, 8302.28
489.91, 8648.10
2389.01, 8962.07
4311.33, 8962.07
6276.25, 8962.07
7580.80, 8962.07
7832.76, 8962.07
8110.09, 8962.07
8140.10, 8962.07
8176.57, 8962.07
8206.75, 8962.07
8220.53, 8962.07
8240.79, 8962.07
8259.42, 8962.07
8264.35, 8962.07
8273.61, 8962.07
8276.83, 8962.07
8290.24, 8962.07
8290.24, 8962.07
8296.79, 8962.07
8342.84, 8962.07
8425.47, 8962.07
8516.94, 8962.07
8567.53, 8962.07
8576.81, 8962.07
8626.73, 8962.07
8654.68, 8962.07
8689.10, 8995.00
8704.98, 8995.00
8721.79, 8995.00
8752.63, 8995.00
8772.45, 8995.00
8778.80, 8995.00
8810.86, 8995.00
8826.40, 8995.00
8827.72, 8995.00
8834.17, 8995.00
8837.39, 8995.00
8843.81, 8995.00
8851.91, 8995.00
8851.91, 8995.00
8861.59, 8995.00
8869.17, 8995.00
8877.72, 8995.00
8895.20, 9014.00
8900.06, 9014.00
8907.64, 9014.00
8914.72, 9014.00
8914.72, 9014.00
8914.72, 9014.00
8918.75, 9014.00
8925.62, 9014.00
8925.62, 9014.00
8925.62, 9014.00
8925.62, 9014.00
8925.62, 9014.00
8927.33, 9014.00
8929.06, 9014.00
8935.71, 9014.00
8943.55, 9014.00
8943.55, 9014.00
8943.55, 9014.00
8943.55, 9014.00
8943.55, 9014.00
8944.74, 9014.00
8948.64, 9014.00
8948.77, 9014.00
8948.77, 9014.00
8948.84, 9014.00
8950.77, 9014.00
8950.77, 9014.00
8953.55, 9014.00
8958.45, 9014.00
8959.42, 9014.00
8959.42, 9014.00
9061.93, 10815.63
9121.67, 10815.63
9140.74, 10815.63
9140.74, 10815.63
9192.74, 10815.63
9235.03, 10815.63
9252.48, 10815.63
9252.48, 10815.63
9284.89, 10815.63
9303.97, 10815.63
9347.94, 10815.63
9347.94, 10815.63
9414.26, 10815.63
9424.61, 10815.63
9446.19, 10815.63
9451.41, 10815.63
9479.11, 10815.63
9512.61, 10815.63
9527.48, 10815.63
9533.49, 10815.63
9533.49, 10815.63
9604.90, 10815.63
9633.93, 10815.63
9708.24, 10815.63
9750.69, 10815.63
9775.91, 10815.63
9816.08, 10815.63
9850.31, 10815.63
9866.48, 10815.63
9887.38, 10815.63
9938.85, 10815.63
9956.48, 10815.63
9991.21, 10815.63
10052.98, 10815.63
10083.09, 10815.63
10156.87, 10815.63
10156.87, 10815.63
10184.42, 10815.63
10207.03, 10815.63
10253.97, 10815.63
10345.94, 10941.00
10355.23, 10941.00
10402.03, 11052.00
10456.97, 11052.00
10497.07, 11052.00
10502.68, 11052.00
10502.68, 11052.00
10514.48, 11052.00
10526.71, 11052.00
10563.81, 11073.00
10574.42, 11073.00
10596.83, 11073.00
10613.70, 11073.00
10640.31, 11207.00
10699.79, 11207.00
10714.25, 11207.00
10736.92, 11207.00
10761.79, 11249.00
10761.79, 11249.00
10761.79, 11249.00
10798.41, 11305.00
10837.18, 11305.00
10837.18, 11305.00
10870.63, 11572.00
10870.63, 11572.00
10879.73, 11572.00
10879.73, 11572.00
10881.83, 11572.00
10901.79, 11572.00
10910.99, 11572.00
10910.99, 11572.00
10910.99, 11572.00
10918.15, 11572.00
10934.31, 11572.00
10934.31, 11572.00
10961.70, 11572.00
10961.70, 11572.00
10961.70, 11572.00
10962.50, 11572.00
10962.50, 11572.00
10964.86, 11572.00
10964.86, 11572.00
10964.86, 11572.00
10971.08, 11572.00
10971.08, 11572.00
10971.08, 11572.00
10971.08, 11572.00
10994.18, 11572.00
10994.18, 11572.00
11000.29, 11572.00
11000.29, 11572.00
11000.29, 11572.00
11000.29, 11572.00
11003.00, 11572.00
11003.00, 11572.00
11003.00, 11572.00
11003.00, 11572.00
11003.00, 11572.00
11008.68, 11572.00
11008.68, 11572.00
11008.68, 11572.00
11008.68, 11572.00
11008.68, 11572.00
11008.68, 11572.00
11014.68, 11572.00
11014.68, 11572.00
11014.68, 11572.00
11014.68, 11572.00
11014.68, 11572.00
11018.58, 11572.00
11023.32, 11572.00
11023.32, 11572.00
11024.48, 11572.00
11024.48, 11572.00
11030.81, 11572.00
11030.81, 11572.00
11040.77, 11572.00
11040.77, 11572.00
11040.77, 11572.00
11040.77, 11572.00
11040.77, 11572.00
11040.77, 11572.00
11061.94, 11572.00
11067.52, 11572.00
11067.52, 11572.00
11092.90, 11654.00
11106.77, 11654.00
11107.26, 11654.00
11107.26, 11654.00
11114.26, 11654.00
11114.26, 11654.00
11114.26, 11654.00
11122.61, 11654.00
11122.61, 11654.00
11124.23, 11654.00
11124.23, 11654.00
11127.00, 11654.00
11127.00, 11654.00
11140.03, 11654.00
11140.03, 11654.00
11140.03, 11654.00
11140.03, 11654.00
11140.03, 11654.00
11140.03, 11654.00
11140.03, 11654.00
11140.03, 11654.00
11140.03, 11654.00
11140.03, 11654.00
11140.03, 11654.00
11140.03, 11654.00
11140.03, 11654.00
11140.03, 11654.00
11140.03, 11654.00
11140.03, 11654.00
11140.03, 11654.00
11140.03, 11654.00
11140.03, 11654.00
11140.03, 11654.00
11140.03, 11654.00
11140.03, 11654.00
11140.03, 11654.00
11140.03, 11654.00
11140.03, 11654.00
11140.03, 11654.00
11140.03, 11654.00
11140.03, 11654.00
11140.03, 11654.00
11140.03, 11654.00
11140.03, 11654.00
11140.03, 11654.00
11140.03, 11654.00
11140.03, 11654.00
11140.03, 11654.00
11140.03, 11654.00
11140.03, 11654.00
11140.03, 11654.00
11140.03, 11654.00
11140.03, 11654.00
11140.03, 11654.00
11140.03, 11654.00
11140.03, 11654.00
11140.03, 11654.00
11140.03, 11654.00
11140.03, 11654.00
11140.03, 11654.00
11140.03, 11654.00
11140.03, 11654.00
11140.03, 11654.00
11140.03, 11654.00
11140.03, 11654.00
11140.03, 11654.00
11140.03, 11654.00
11140.03, 11654.00
11140.03, 11654.00
11140.03, 11654.00
11140.03, 11654.00
11140.03, 11654.00
11140.03, 11654.00
11140.03, 11654.00
11140.03, 11654.00
11140.03, 11654.00
11140.03, 11654.00
11140.03, 11654.00
11140.03, 11654.00
11140.03, 11654.00
11140.03, 11654.00
11140.03, 11654.00
11140.03, 11654.00
11140.03, 11654.00
11140.03, 11654.00
11140.03, 11654.00
11140.03, 11654.00
11140.03, 11654.00
11140.03, 11654.00
11140.03, 11654.00
11140.03, 11654.00
11140.03, 11654.00
11140.03, 11654.00
11140.03, 11654.00
11140.03, 11654.00
11140.03, 11654.00
11140.03, 11654.00
11140.03, 11654.00
11140.03, 11654.00
11140.03, 11654.00
11140.03, 11654.00
11140.03, 11654.00
11140.03, 11654.00
11140.03, 11654.00
11140.03, 11654.00
11140.03, 11654.00
11140.03, 11654.00
11140.03, 11654.00
11140.03, 11654.00
11140.03, 11654.00
11140.03, 11654.00
11140.03, 11654.00
11140.03, 11654.00
11140.03, 11654.00
11140.03, 11654.00
11140.03, 11654.00
11140.03, 11654.00
11140.03, 11654.00
11140.03, 11654.00
11140.03, 11654.00
11140.03, 11654.00
11140.03, 11654.00
11140.03, 11654.00
11140.03, 11654.00
11140.03, 11654.00
11140.03, 11654.00
11140.03, 11654.00
11140.03, 11654.00
11140.03, 11654.00
11140.03, 11654.00
11140.03, 11654.00
11140.03, 11654.00
11140.03, 11654.00
11140.03, 11654.00
11140.03, 11654.00
11140.03, 11654.00
11140.03, 11654.00
11140.03, 11654.00
11140.03, 11654.00
11140.03, 11654.00
11140.03, 11654.00
11140.03, 11654.00
11140.03, 11654.00
11140.03, 11654.00
11140.03, 11654.00
11140.03, 11654.00
11140.03, 11654.00
11140.03, 11654.00
11140.03, 11654.00
11140.03, 11654.00
11140.03, 11654.00
11140.03, 11654.00
11140.03, 11654.00
11140.03, 11654.00
11140.03, 11654.00
11140.03, 11654.00
11140.03, 11654.00
11140.03, 11654.00
11140.03, 11654.00
11140.03, 11654.00
11140.03, 11654.00
11140.03, 11654.00
11140.03, 11654.00
11140.03, 11654.00
11140.03, 11654.00
11140.03, 11654.00
11140.03, 11654.00
11140.03, 11654.00
11140.03, 11654.00
11140.03, 11654.00
11140.03, 11654.00
11140.03, 11654.00
11140.03, 11654.00
11140.03, 11654.00
11140.03, 11654.00
11140.03, 11654.00
11140.03, 11654.00
11140.03, 11654.00
11140.03, 11654.00
11140.03, 11654.00
11140.03, 11654.00
11140.03, 11654.00
11140.03, 11654.00
11140.03, 11654.00
11140.03, 11654.00
11140.03, 11654.00
11140.03, 11654.00
11140.03, 11654.00
11140.03, 11654.00
11140.03, 11654.00
11142.42, 11654.00
11142.42, 11654.00
11153.84, 11654.00
11153.84, 11654.00
11166.10, 11654.00
11166.10, 11654.00
11166.10, 11654.00
11166.10, 11654.00
11166.10, 11654.00
11172.74, 11654.00
11172.74, 11654.00
11172.74, 11654.00
11172.74, 11654.00
11177.03, 11654.00
11180.74, 11654.00
11187.52, 11654.00
11187.52, 11654.00
11187.52, 11654.00
11187.52, 11654.00
11191.35, 11654.00
11191.35, 11654.00
11191.35, 11654.00
11194.39, 11654.00
11194.39, 11654.00
11194.39, 11654.00
11201.39, 11654.00
11201.39, 11654.00
11201.39, 11654.00
11201.39, 11654.00
11203.26, 11654.00
11212.81, 11654.00
11212.81, 11654.00
11228.29, 11654.00
11228.29, 11654.00
11228.29, 11654.00
11241.16, 11654.00
11241.16, 11654.00
11241.16, 11654.00
11241.16, 11654.00
11252.23, 11654.00
11252.23, 11654.00
11252.23, 11654.00
11253.26, 11654.00
11253.26, 11654.00
11253.26, 11654.00
11253.26, 11654.00
11253.26, 11654.00
11253.26, 11654.00
11254.45, 11654.00
11257.48, 11654.00
11260.58, 11654.00
11260.58, 11654.00
11265.13, 11654.00
11265.13, 11654.00
11265.13, 11654.00
11265.74, 11654.00
11265.74, 11654.00
11265.74, 11654.00
11265.74, 11654.00
11265.74, 11654.00
11265.74, 11654.00
11267.26, 11654.00
11267.26, 11654.00
11267.26, 11654.00
11267.26, 11654.00
11267.26, 11654.00
11267.26, 11654.00
11267.26, 11654.00
11271.55, 11654.00
11271.55, 11654.00
11271.55, 11654.00
11276.94, 11654.00
11279.00, 11654.00
11279.00, 11654.00
11285.84, 11654.00
11285.84, 11654.00
11285.84, 11654.00
11287.29, 11654.00
11287.29, 11654.00
11297.58, 11654.00
11299.13, 11654.00
11299.13, 11654.00
11299.13, 11654.00
11299.13, 11654.00
11299.13, 11654.00
11303.15, 11654.00
11330.27, 11744.64
11330.90, 11744.64
11330.90, 11744.64
11330.90, 11744.64
11330.90, 11744.64
11330.90, 11744.64
11330.90, 11744.64
11330.90, 11744.64
11330.90, 11744.64
11330.90, 11744.64
11330.90, 11744.64
11330.90, 11744.64
11330.90, 11744.64
11330.90, 11744.64
11330.90, 11744.64
11330.90, 11744.64
11330.90, 11744.64
11330.90, 11744.64
11330.90, 11744.64
11330.90, 11744.64
11330.90, 11744.64
11330.90, 11744.64
11370.67, 11744.64
11390.05, 11744.64
11399.95, 11744.64
11399.95, 11744.64
11399.95, 11744.64
11415.40, 11744.64
11435.34, 11766.00
11449.40, 11766.00
11463.79, 11766.00
11470.44, 11766.00
11485.50, 11772.00
11495.69, 11772.00
11513.24, 11851.00
11521.38, 11851.00
11535.48, 11851.00
11542.35, 11851.00
11551.54, 11851.00
11563.48, 11851.00
11564.06, 11851.00
11564.06, 11851.00
11590.15, 11851.00
11592.25, 11851.00
11600.54, 11851.00
11613.60, 11851.00
11623.60, 11851.00
11633.70, 11851.00
11642.54, 11851.00
11645.89, 11851.00
11645.89, 11851.00
11648.25, 11851.00
11648.25, 11851.00
11648.25, 11851.00
11648.25, 11851.00
11655.18, 11851.00
11655.18, 11851.00
11659.79, 11851.00
11667.21, 11851.00
11667.21, 11851.00
11667.21, 11851.00
11667.21, 11851.00
11668.21, 11851.00
11673.15, 11851.00
11677.25, 11851.00
11682.34, 11851.00
11682.34, 11851.00
11684.92, 11851.00
11685.21, 11851.00
11687.92, 11851.00
11687.92, 11851.00
11687.92, 11851.00
11687.92, 11851.00
11688.99, 11851.00
11689.47, 11851.00
11689.47, 11851.00
11697.12, 11851.00
11703.25, 11851.00
11703.25, 11851.00
11703.25, 11851.00
11706.02, 11851.00
11706.02, 11851.00
11713.50, 11851.00
11713.50, 11851.00
11713.50, 11851.00
11713.50, 11851.00
11716.34, 11851.00
11720.57, 11851.00
11723.70, 11851.00
11723.70, 11851.00
11725.86, 11851.00
11729.63, 11851.00
11729.63, 11851.00
11731.73, 11851.00
11731.73, 11851.00
11731.73, 11851.00
11731.73, 11851.00
11731.73, 11851.00
11733.31, 11851.00
11738.54, 11851.00
11738.54, 11851.00
11738.54, 11851.00
11738.54, 11851.00
11739.63, 11851.00
11739.63, 11851.00
11745.15, 11851.00
11747.89, 11851.00
11753.47, 11877.00
11754.21, 11877.00
11756.63, 11877.00
11767.02, 11877.00
11767.02, 11877.00
11767.02, 11877.00
11767.02, 11877.00
11767.02, 11877.00
11767.02, 11877.00
11767.02, 11877.00
11767.02, 11877.00
11767.02, 11877.00
11767.02, 11877.00
11767.02, 11877.00
11767.02, 11877.00
11767.02, 11877.00
11767.02, 11877.00
11767.02, 11877.00
11767.02, 11877.00
11767.02, 11877.00
11767.02, 11877.00
11767.02, 11877.00
11767.02, 11877.00
11767.02, 11877.00
11767.02, 11877.00
11767.02, 11877.00
11767.02, 11877.00
11767.02, 11877.00
11767.02, 11877.00
11767.02, 11877.00
11767.02, 11877.00
11767.02, 11877.00
11767.02, 11877.00
11767.02, 11877.00
11767.02, 11877.00
11767.02, 11877.00
11767.02, 11877.00
11767.02, 11877.00
11767.02, 11877.00
11767.02, 11877.00
11767.02, 11877.00
11767.02, 11877.00
11767.02, 11877.00
11767.02, 11877.00
11767.02, 11877.00
11767.02, 11877.00
11767.02, 11877.00
11767.02, 11877.00
11767.02, 11877.00
11767.02, 11877.00
11767.02, 11877.00
11767.02, 11877.00
11767.02, 11877.00
11767.02, 11877.00
11767.02, 11877.00
11767.02, 11877.00
11767.02, 11877.00
11767.02, 11877.00
11767.02, 11877.00
11767.02, 11877.00
11767.02, 11877.00
11767.02, 11877.00
11767.02, 11877.00
11767.02, 11877.00
11767.02, 11877.00
11767.02, 11877.00
11767.02, 11877.00
11767.02, 11877.00
11767.02, 11877.00
11767.02, 11877.00
11767.02, 11877.00
11767.02, 11877.00
11767.02, 11877.00
11767.02, 11877.00
11767.02, 11877.00
11767.02, 11877.00
11767.02, 11877.00
11767.02, 11877.00
11767.02, 11877.00
11767.02, 11877.00
11767.02, 11877.00
11767.02, 11877.00
11767.02, 11877.00
11767.02, 11877.00
11767.02, 11877.00
11767.02, 11877.00
11767.02, 11877.00
11767.02, 11877.00
11767.02, 11877.00
11767.02, 11877.00
11767.02, 11877.00
11767.02, 11877.00
11767.02, 11877.00
11767.02, 11877.00
11767.02, 11877.00
11767.02, 11877.00
11767.02, 11877.00
11767.02, 11877.00
11767.02, 11877.00
11767.02, 11877.00
11767.02, 11877.00
11767.02, 11877.00
11767.02, 11877.00
11767.02, 11877.00
11767.02, 11877.00
11767.02, 11877.00
11767.02, 11877.00
11767.02, 11877.00
11767.02, 11877.00
11767.02, 11877.00
11767.02, 11877.00
11767.02, 11877.00
11767.02, 11877.00
11767.02, 11877.00
11767.02, 11877.00
11767.02, 11877.00
11767.02, 11877.00
11767.02, 11877.00
11767.02, 11877.00
11767.02, 11877.00
11767.02, 11877.00
11767.02, 11877.00
11767.02, 11877.00
11767.02, 11877.00
11767.02, 11877.00
11767.02, 11877.00
11767.02, 11877.00
11767.02, 11877.00
11767.02, 11877.00
11767.02, 11877.00
11767.02, 11877.00
11767.02, 11877.00
11767.02, 11877.00
11767.02, 11877.00
11767.02, 11877.00
11767.02, 11877.00
11767.02, 11877.00
11767.02, 11877.00
11767.02, 11877.00
11767.02, 11877.00
11767.02, 11877.00
11767.02, 11877.00
11767.02, 11877.00
11767.02, 11877.00
11767.02, 11877.00
11767.02, 11877.00
11767.02, 11877.00
11767.02, 11877.00
11767.02, 11877.00
11767.02, 11877.00
11767.02, 11877.00
11767.02, 11877.00
11767.02, 11877.00
11767.02, 11877.00
11767.02, 11877.00
11767.02, 11877.00
11767.02, 11877.00
11767.02, 11877.00
11767.02, 11877.00
11767.02, 11877.00
11767.02, 11877.00
11767.02, 11877.00
11767.02, 11877.00
11767.02, 11877.00
11767.02, 11877.00
11767.02, 11877.00
11767.02, 11877.00
11767.02, 11877.00
11767.02, 11877.00
11767.02, 11877.00
11767.02, 11877.00
11769.63, 11877.00
11769.63, 11877.00
11769.63, 11877.00
11769.63, 11877.00
11769.63, 11877.00
11769.63, 11877.00
11769.63, 11877.00
11774.12, 11877.00
11774.12, 11877.00
11774.12, 11877.00
11774.12, 11877.00
11774.12, 11877.00
11774.96, 11877.00
11774.96, 11877.00
11774.96, 11877.00
11774.96, 11877.00
11774.96, 11877.00
11774.96, 11877.00
11774.96, 11877.00
11774.96, 11877.00
11774.96, 11877.00
11774.96, 11877.00
11774.96, 11877.00
11774.96, 11877.00
11774.96, 11877.00
11775.76, 11877.00
11775.76, 11877.00
11775.76, 11877.00
11775.76, 11877.00
11775.76, 11877.00
11775.76, 11877.00
11775.76, 11877.00
11775.76, 11877.00
11775.76, 11877.00
11775.76, 11877.00
11775.76, 11877.00
11775.76, 11877.00
11775.76, 11877.00
11775.76, 11877.00
11775.76, 11877.00
11775.76, 11877.00
11775.76, 11877.00
11775.76, 11877.00
11775.76, 11877.00
11775.76, 11877.00
11775.76, 11877.00
11775.76, 11877.00
11775.76, 11877.00
11775.76, 11877.00
11775.76, 11877.00
11775.76, 11877.00
11775.76, 11877.00
11775.76, 11877.00
11775.76, 11877.00
11775.76, 11877.00
11775.76, 11877.00
11775.76, 11877.00
11775.76, 11877.00
11775.76, 11877.00
11775.76, 11877.00
11775.76, 11877.00
11775.76, 11877.00
11775.76, 11877.00
11777.99, 11877.00
11777.99, 11877.00
11777.99, 11877.00
11777.99, 11877.00
11777.99, 11877.00
11777.99, 11877.00
11777.99, 11877.00
11777.99, 11877.00
11779.15, 11877.00
11779.15, 11877.00
11779.15, 11877.00
11779.15, 11877.00
11781.50, 11877.00
11786.05, 11877.00
11786.05, 11877.00
11786.05, 11877.00
11788.28, 11877.00
11788.28, 11877.00
11788.28, 11877.00
11788.28, 11877.00
11788.28, 11877.00
11788.28, 11877.00
11788.28, 11877.00
11791.99, 11877.00
11793.67, 11877.00
11800.34, 11931.00
11800.34, 11931.00
11803.89, 11931.00
11803.89, 11931.00
11803.89, 11931.00
11803.89, 11931.00
11803.89, 11931.00
11808.73, 11931.00
11808.73, 11931.00
11808.73, 11931.00
11808.73, 11931.00
11808.73, 11931.00
11808.73, 11931.00
11808.73, 11931.00
11808.73, 11931.00
11808.73, 11931.00
11808.73, 11931.00
11808.73, 11931.00
11808.73, 11931.00
11808.73, 11931.00
11808.73, 11931.00
11808.73, 11931.00
11808.73, 11931.00
11808.73, 11931.00
11808.73, 11931.00
11808.73, 11931.00
11808.73, 11931.00
11808.73, 11931.00
11808.73, 11931.00
11808.73, 11931.00
11808.73, 11931.00
11808.73, 11931.00
11808.73, 11931.00
11808.73, 11931.00
11808.73, 11931.00
11808.73, 11931.00
11808.73, 11931.00
11808.73, 11931.00
11808.73, 11931.00
11808.73, 11931.00
11808.73, 11931.00
11808.73, 11931.00
11808.73, 11931.00
11808.73, 11931.00
11808.73, 11931.00
11808.73, 11931.00
11808.73, 11931.00
11808.73, 11931.00
11808.73, 11931.00
11808.73, 11931.00
11808.73, 11931.00
11808.73, 11931.00
11808.73, 11931.00
11808.73, 11931.00
11808.73, 11931.00
11808.73, 11931.00
11808.73, 11931.00
11808.73, 11931.00
11808.73, 11931.00
11808.73, 11931.00
11808.73, 11931.00
11808.73, 11931.00
11808.73, 11931.00
11808.73, 11931.00
11808.73, 11931.00
11808.73, 11931.00
11808.73, 11931.00
11808.73, 11931.00
11808.73, 11931.00
11808.73, 11931.00
11808.73, 11931.00
11808.73, 11931.00
11808.73, 11931.00
11808.73, 11931.00
11808.73, 11931.00
11808.73, 11931.00
11808.73, 11931.00
11808.73, 11931.00
11808.73, 11931.00
11808.73, 11931.00
11808.73, 11931.00
11808.73, 11931.00
11808.73, 11931.00
11808.73, 11931.00
11808.73, 11931.00
11808.73, 11931.00
11808.73, 11931.00
11808.73, 11931.00
11808.73, 11931.00
11808.73, 11931.00
11808.73, 11931.00
11808.73, 11931.00
11808.73, 11931.00
11808.73, 11931.00
11808.73, 11931.00
11808.73, 11931.00
11808.73, 11931.00
11808.73, 11931.00
11808.73, 11931.00
11808.73, 11931.00
11808.73, 11931.00
11808.73, 11931.00
11808.73, 11931.00
11808.73, 11931.00
11808.73, 11931.00
11808.73, 11931.00
11808.73, 11931.00
11808.73, 11931.00
11808.73, 11931.00
11808.73, 11931.00
11808.73, 11931.00
11808.73, 11931.00
11808.73, 11931.00
11808.73, 11931.00
11808.73, 11931.00
11808.73, 11931.00
